center loss impro:

0.001, ua: 0.682, wa: 0.720
0.003, ua: 0.688, wa: 0.663
0.01, ua: 0.689, wa: 0.726
0.03, ua: 0.709, wa: 0.686
0.1, ua: 0.719, wa: 0.698
0.3, ua: 0.715, wa: 0.707
1, ua: 0.701, wa: 0.704


normalized center loss:

0, ua:
0.001, ua: 0.692, wa: 0.694
0.003, ua: 0.694, wa: 0.697
0.01, ua: 0.687, wa: 0.697
0.03, ua: 0.686, wa: 0.703
0.1, ua:0.702, wa: 0.690
0.3, ua: 0.700, wa: 0.681
1, ua: 0.700, wa: 0.702
3, ua: 0.701, wa: 0.695


alpha:

0.1 0.737
0.3 0.724
0.5 0.719
0.7 0.722
0.9 0.723


merge all:

lambda    ua      wa
0       0.6418  0.6228
0.003   0.6409  0.6245
0.03    0.6579  0.6410
0.3     0.6753  0.6585
3       0.6064  0.5705

alpha       ua      wa
0.1     0.6753  0.6585
0.3     0.6710  0.6538
0.5     0.6727  0.6549
0.7     0.6657  0.6483
0.9     0.6657  0.6495


stft:

wa = 0.6218440988123227
ua = 0.6442293154821919

[[2358.  328.  897.  687.]
 [ 282. 2009.  401.   53.]
 [ 811.  696. 2126.  452.]
 [ 360.   85.  172. 2098.]]

[[0.55222482 0.07681499 0.21007026 0.16088993]
 [0.10273224 0.73187614 0.14608379 0.01930783]
 [0.19853121 0.17037944 0.52044064 0.11064871]
 [0.13259669 0.03130755 0.06335175 0.77274401]]

[[0.552 & 0.076 & 0.210 & 0.160]
 [0.102 & 0.731 & 0.146 & 0.019]
 [0.198 & 0.170 & 0.520 & 0.110]
 [0.132 & 0.031 & 0.063 & 0.772]]

wa = 0.5860167338842325
ua = 0.603644209717831

[[2338.  372.  800.  760.]
 [ 357. 1817.  483.   88.]
 [ 902.  706. 1991.  486.]
 [ 465.   92.  208. 1950.]]

[[0.54754098 0.08711944 0.18735363 0.17798595]
 [0.13005464 0.66193078 0.17595628 0.03205829]
 [0.22080783 0.17282742 0.4873929  0.11897185]
 [0.17127072 0.03388582 0.07661142 0.71823204]]

[[0.547 & 0.087 & 0.187 & 0.177]
 [0.130 & 0.661 & 0.175 & 0.032]
 [0.220 & 0.172 & 0.487 & 0.118]
 [0.171 & 0.033 & 0.076 & 0.718]]